Максимальное в поколении: 
-0.291141
-0.29037
-0.292227
-0.283188
-0.279486
-0.275883
-0.261728
-0.261728
-0.261728
-0.261728
-0.258478
-0.255731
-0.261499
-0.261499
-0.261499
-0.261499
-0.255364
-0.255364
-0.255364
-0.255364
-0.255364
-0.255364
-0.255364
-0.255364
-0.255364
-0.255305
-0.254972
-0.255364
-0.255364
-0.255364
-0.255364
-0.255364
-0.255364
-0.255364
-0.255364
-0.25532
-0.25532
-0.25532
-0.25532
-0.25532
-0.25532
-0.25532
-0.25532
-0.25532
-0.25532
-0.25532
-0.25532
-0.25532
-0.25532
-0.25532
-0.25532
-0.25532
-0.25532
-0.25532
-0.25532
-0.25532
-0.25532
-0.25532
-0.25532
-0.25532
-0.25532
-0.25532
-0.25532
-0.25532
-0.25532
-0.25532
-0.25532
-0.25532
-0.25532
-0.25532
-0.25532
-0.25532
-0.25532
-0.25532
-0.25532
-0.25532
-0.25532
-0.25532
-0.25532
-0.25532
-0.25532
-0.25532
-0.25532
-0.25532
-0.25532
-0.25532
-0.25532
-0.25532
-0.25532
-0.25532
-0.25532
-0.25532
-0.25532
-0.25532
-0.25532
-0.25532
-0.25532
-0.25532
-0.25532
-0.25532

Среднее в поколении: 
-0.404387
-0.466604
-0.42175
-0.3876
-0.326325
-0.311559
-0.29965
-0.298312
-0.29088
-0.289346
-0.285197
-0.281401
-0.276078
-0.275849
-0.273093
-0.271353
-0.269642
-0.267536
-0.268032
-0.268134
-0.265382
-0.265159
-0.264713
-0.261658
-0.264041
-0.259774
-0.259157
-0.258581
-0.258261
-0.257746
-0.256596
-0.256294
-0.256002
-0.255696
-0.255585
-0.255472
-0.255373
-0.255373
-0.255353
-0.255351
-0.255348
-0.255348
-0.255346
-0.255353
-0.255351
-0.255346
-0.25534
-0.25534
-0.255331
-0.255329
-0.255326
-0.255329
-0.255326
-0.255329
-0.255324
-0.25532
-0.25532
-0.25532
-0.25532
-0.25532
-0.25532
-0.25532
-0.25532
-0.25532
-0.25532
-0.25532
-0.25532
-0.25532
-0.25532
-0.25532
-0.25532
-0.25532
-0.25532
-0.25532
-0.25532
-0.25532
-0.25532
-0.25532
-0.25532
-0.25532
-0.25532
-0.25532
-0.25532
-0.25532
-0.25532
-0.25532
-0.25532
-0.25532
-0.25532
-0.25532
-0.25532
-0.25532
-0.25532
-0.25532
-0.25532
-0.25532
-0.25532
-0.25532
-0.25532
-0.25532
